Membership matrix:
Data[0]: 0.097465 0.392885 0.212011 0.185859 0.111780 
Data[1]: 0.145486 0.142259 0.437181 0.171923 0.103151 
Data[2]: 0.084618 0.481573 0.193681 0.143353 0.096776 
Data[3]: 0.124845 0.235279 0.141048 0.283814 0.215014 
Data[4]: 0.128612 0.149350 0.191798 0.411640 0.118601 
Data[5]: 0.101616 0.139701 0.539845 0.135899 0.082940 
Data[6]: 0.065620 0.092250 0.695276 0.093181 0.053673 
Data[7]: 0.187520 0.136961 0.357752 0.203679 0.114087 
Data[8]: 0.079146 0.061665 0.074153 0.716709 0.068327 
Data[9]: 0.105552 0.279812 0.312063 0.194676 0.107897 
Data[10]: 0.065711 0.608405 0.133661 0.112872 0.079350 
Data[11]: 0.106868 0.417542 0.193608 0.154097 0.127884 
Data[12]: 0.125394 0.172672 0.189938 0.384533 0.127462 
Data[13]: 0.408995 0.100372 0.157791 0.212322 0.120521 
Data[14]: 0.127650 0.181170 0.238240 0.331741 0.121199 
Data[15]: 0.193499 0.136248 0.347183 0.207739 0.115331 
Data[16]: 0.242461 0.107888 0.177423 0.353782 0.118445 
Data[17]: 0.390014 0.097867 0.108217 0.202489 0.201414 
Data[18]: 0.100833 0.348511 0.256038 0.185273 0.109345 
Data[19]: 0.122988 0.182278 0.164114 0.388635 0.141984 
Data[20]: 0.692037 0.049719 0.068215 0.119316 0.070713 
Data[21]: 0.112349 0.351487 0.138369 0.196646 0.201149 
Data[22]: 0.285997 0.114296 0.207187 0.271013 0.121507 
Data[23]: 0.105368 0.379760 0.242994 0.156604 0.115274 
Data[24]: 0.101922 0.392248 0.156070 0.208353 0.141407 
Data[25]: 0.159183 0.094109 0.085083 0.186409 0.475216 
Data[26]: 0.437036 0.101014 0.128336 0.184897 0.148718 
Data[27]: 0.332199 0.099666 0.105903 0.225380 0.236851 
Data[28]: 0.394725 0.103942 0.164888 0.213289 0.123156 
Data[29]: 0.117167 0.322279 0.138021 0.200262 0.222271 
Data[30]: 0.159723 0.148193 0.399852 0.181158 0.111074 
Data[31]: 0.639029 0.060104 0.082211 0.133596 0.085060 
Data[32]: 0.244110 0.114314 0.111279 0.204483 0.325815 
Data[33]: 0.096960 0.071649 0.060117 0.119017 0.652257 
Data[34]: 0.393437 0.093952 0.144647 0.251949 0.116015 
Data[35]: 0.119313 0.133602 0.095056 0.161930 0.490100 
Data[36]: 0.112273 0.352976 0.138308 0.195427 0.201017 
Data[37]: 0.174210 0.099317 0.090667 0.186981 0.448826 
Data[38]: 0.185191 0.127329 0.278582 0.295846 0.113052 
Data[39]: 0.067667 0.041545 0.047715 0.786357 0.056715 
Data[40]: 0.115032 0.394781 0.181603 0.161927 0.146656 
Data[41]: 0.428867 0.095599 0.109788 0.189684 0.176062 
Data[42]: 0.162055 0.113519 0.182408 0.431937 0.110081 
Data[43]: 0.135297 0.070348 0.089296 0.614106 0.090953 
Data[44]: 0.123025 0.176560 0.111124 0.193379 0.395912 
Data[45]: 0.014512 0.916738 0.024875 0.024573 0.019301 
Data[46]: 0.150583 0.165225 0.393995 0.175614 0.114583 
Data[47]: 0.104211 0.441717 0.151984 0.154461 0.147628 
Data[48]: 0.060745 0.659075 0.096015 0.099259 0.084906 
Data[49]: 0.261764 0.103690 0.104191 0.231086 0.299269 
Data[50]: 0.099486 0.458382 0.171560 0.146243 0.124327 
Data[51]: 0.898054 0.016342 0.021062 0.039058 0.025484 
Data[52]: 0.178167 0.128425 0.110988 0.183424 0.398995 
Data[53]: 0.280067 0.112493 0.113858 0.208986 0.284596 
Data[54]: 0.114545 0.268818 0.246121 0.247657 0.122859 
Data[55]: 0.138944 0.170502 0.411108 0.168800 0.110647 
Data[56]: 0.057430 0.660066 0.111408 0.100021 0.071076 
Data[57]: 0.310285 0.116232 0.208818 0.240197 0.124467 
Data[58]: 0.098786 0.419093 0.143687 0.192731 0.145703 
Data[59]: 0.430147 0.102979 0.133753 0.186850 0.146271 
Data[60]: 0.178536 0.105655 0.098738 0.290522 0.326548 
Data[61]: 0.121394 0.134416 0.438106 0.213317 0.092766 
Data[62]: 0.495262 0.073524 0.097972 0.224968 0.108273 
Data[63]: 0.124044 0.298470 0.139685 0.193324 0.244476 
Data[64]: 0.084631 0.519478 0.121756 0.145320 0.128816 
Data[65]: 0.126941 0.149977 0.107287 0.246959 0.368837 
Data[66]: 0.119377 0.250912 0.190033 0.297757 0.141922 
Data[67]: 0.101025 0.457420 0.155701 0.149208 0.136646 
Data[68]: 0.292239 0.106730 0.177224 0.303449 0.120357 
Data[69]: 0.134233 0.141960 0.367379 0.254172 0.102256 
Data[70]: 0.411495 0.107419 0.138595 0.190427 0.152064 
Data[71]: 0.125470 0.210798 0.123471 0.224006 0.316255 
Data[72]: 0.117626 0.236226 0.372295 0.163023 0.110830 
Data[73]: 0.099469 0.347766 0.283218 0.164504 0.105042 
Data[74]: 0.073939 0.050440 0.062328 0.754262 0.059031 
Data[75]: 0.159082 0.093427 0.095523 0.479397 0.172570 
Data[76]: 0.112370 0.406461 0.176282 0.159682 0.145205 
Data[77]: 0.188650 0.080806 0.098038 0.513139 0.119367 
Data[78]: 0.085946 0.493909 0.137729 0.164167 0.118250 
Data[79]: 0.097281 0.472372 0.141892 0.148060 0.140395 
Data[80]: 0.158519 0.088518 0.093040 0.503473 0.156449 
Data[81]: 0.069617 0.600044 0.107469 0.122949 0.099921 
Data[82]: 0.312448 0.094208 0.103779 0.292972 0.196593 
Data[83]: 0.410989 0.100145 0.114730 0.192073 0.182064 
Data[84]: 0.122679 0.175835 0.439984 0.158436 0.103066 
Data[85]: 0.975696 0.003874 0.005023 0.009415 0.005992 
Data[86]: 0.097398 0.417801 0.226351 0.150162 0.108288 
Data[87]: 0.109114 0.091611 0.074404 0.176551 0.548320 
Data[88]: 0.062428 0.058585 0.044989 0.092585 0.741413 
Data[89]: 0.518833 0.082996 0.115717 0.169847 0.112607 
Data[90]: 0.138188 0.102692 0.147865 0.508881 0.102375 
Data[91]: 0.144408 0.172343 0.396603 0.172504 0.114142 
Data[92]: 0.152002 0.147281 0.416818 0.176146 0.107752 
Data[93]: 0.137022 0.079656 0.107525 0.583141 0.092656 
Data[94]: 0.345195 0.093511 0.102680 0.256359 0.202255 
Data[95]: 0.141649 0.143256 0.444108 0.168902 0.102085 
Data[96]: 0.084543 0.531901 0.147379 0.128766 0.107411 
Data[97]: 0.111679 0.350501 0.256248 0.161425 0.120148 
Data[98]: 0.097093 0.375817 0.250955 0.170438 0.105697 
Data[99]: 0.121831 0.157886 0.159190 0.430254 0.130840 
Data[100]: 0.288113 0.094628 0.136061 0.360873 0.120324 
Data[101]: 0.103044 0.087592 0.086726 0.604704 0.117934 
Data[102]: 0.397427 0.091358 0.101417 0.216755 0.193043 
Data[103]: 0.098351 0.418682 0.147572 0.194846 0.140550 
Data[104]: 0.411441 0.101873 0.157593 0.205890 0.123204 
Data[105]: 0.140801 0.123795 0.442021 0.198888 0.094495 
Data[106]: 0.116459 0.358220 0.143492 0.180110 0.201719 
Data[107]: 0.110148 0.358932 0.251461 0.160198 0.119261 
Data[108]: 0.150862 0.134035 0.346608 0.263426 0.105069 
Data[109]: 0.091156 0.159457 0.535557 0.133219 0.080610 
Data[110]: 0.138066 0.120245 0.095838 0.162408 0.483442 
Data[111]: 0.102712 0.274222 0.357893 0.162965 0.102209 
Data[112]: 0.216218 0.136023 0.310906 0.215660 0.121192 
Data[113]: 0.118468 0.256254 0.202558 0.286372 0.136348 
Data[114]: 0.106023 0.103856 0.079194 0.177614 0.533312 
Data[115]: 0.122554 0.279437 0.135094 0.206582 0.256333 
Data[116]: 0.145587 0.124823 0.430696 0.202457 0.096437 
Data[117]: 0.224530 0.102682 0.100434 0.246822 0.325532 
Data[118]: 0.438879 0.100864 0.137248 0.186797 0.136213 
Data[119]: 0.100489 0.381687 0.197605 0.201041 0.119178 
Data[120]: 0.117805 0.101427 0.080736 0.143456 0.556576 
Data[121]: 0.406194 0.107301 0.131321 0.190669 0.164515 
Data[122]: 0.112217 0.318830 0.167438 0.249715 0.151799 
Data[123]: 0.111549 0.277126 0.338029 0.162662 0.110634 
Data[124]: 0.588647 0.066518 0.080441 0.149486 0.114908 
Data[125]: 0.106215 0.246849 0.346300 0.195718 0.104918 
Data[126]: 0.106692 0.431991 0.162270 0.155120 0.143927 
Data[127]: 0.032370 0.811512 0.058438 0.055947 0.041732 
Data[128]: 0.104154 0.396662 0.137904 0.190354 0.170926 
Data[129]: 0.437328 0.078918 0.098612 0.257399 0.127742 
Data[130]: 0.118660 0.125385 0.091632 0.156733 0.507589 
Data[131]: 0.535264 0.079573 0.100034 0.160722 0.124408 
Data[132]: 0.435299 0.100295 0.144483 0.191550 0.128373 
Data[133]: 0.476958 0.084042 0.097262 0.183769 0.157969 
Data[134]: 0.086300 0.521724 0.152396 0.130995 0.108585 
Data[135]: 0.112669 0.325130 0.153214 0.239826 0.169161 
Data[136]: 0.089516 0.155738 0.544564 0.131192 0.078992 
Data[137]: 0.194886 0.131139 0.339299 0.221727 0.112950 
Data[138]: 0.438418 0.079413 0.104918 0.259813 0.117438 
Data[139]: 0.140252 0.081392 0.086585 0.556933 0.134838 
Data[140]: 0.444516 0.098131 0.120600 0.183048 0.153704 
Data[141]: 0.204657 0.101886 0.097269 0.233312 0.362876 
Data[142]: 0.306532 0.102035 0.106302 0.227322 0.257810 
Data[143]: 0.123203 0.179199 0.112060 0.196119 0.389419 
Data[144]: 0.452556 0.096234 0.118182 0.181318 0.151711 
Data[145]: 0.130262 0.068823 0.087179 0.625101 0.088635 
Data[146]: 0.077183 0.068530 0.053681 0.101102 0.699504 
Data[147]: 0.100581 0.421472 0.135122 0.179579 0.163246 
Data[148]: 0.193879 0.130445 0.338471 0.224786 0.112418 
Data[149]: 0.117444 0.290662 0.152137 0.259486 0.180271 
Data[150]: 0.218609 0.117593 0.110600 0.196961 0.356236 
Data[151]: 0.224810 0.124758 0.268662 0.264039 0.117731 
Data[152]: 0.129139 0.243977 0.132230 0.197437 0.297217 
Data[153]: 0.099608 0.345987 0.274430 0.173885 0.106091 
Data[154]: 0.196357 0.084139 0.097589 0.486810 0.135105 
Data[155]: 0.114095 0.287601 0.319788 0.164057 0.114459 
Data[156]: 0.104313 0.429670 0.188881 0.151537 0.125600 
Data[157]: 0.403952 0.102811 0.160878 0.209189 0.123170 
Data[158]: 0.116096 0.345976 0.140132 0.187071 0.210725 
Data[159]: 0.140779 0.146250 0.299299 0.303988 0.109684 
Data[160]: 0.076152 0.570423 0.140359 0.118410 0.094656 
Data[161]: 0.125164 0.105166 0.098778 0.507508 0.163384 
Data[162]: 0.133859 0.192860 0.390689 0.168364 0.114228 
Data[163]: 0.150084 0.185242 0.365439 0.177309 0.121926 
Data[164]: 0.506362 0.084430 0.121143 0.176750 0.111316 
Data[165]: 0.174372 0.118827 0.103872 0.179786 0.423144 
Data[166]: 0.126037 0.218405 0.124277 0.206482 0.324799 
Data[167]: 0.177636 0.102501 0.101141 0.394669 0.224053 
Data[168]: 0.205664 0.104974 0.098943 0.201887 0.388531 
Data[169]: 0.100225 0.074429 0.062349 0.122086 0.640911 
Data[170]: 0.110824 0.410549 0.181313 0.157832 0.139482 
Data[171]: 0.206010 0.137815 0.326000 0.210460 0.119715 
Data[172]: 0.080599 0.555659 0.124131 0.126428 0.113182 
Data[173]: 0.041972 0.761960 0.072627 0.068361 0.055081 
Data[174]: 0.138196 0.103644 0.086965 0.156672 0.514523 
Data[175]: 0.102553 0.290632 0.323219 0.178932 0.104664 
Data[176]: 0.162011 0.101070 0.089925 0.173236 0.473759 
Data[177]: 0.069271 0.060002 0.047715 0.103814 0.719197 
Data[178]: 0.120912 0.186085 0.429910 0.158786 0.104307 
Data[179]: 0.128367 0.171281 0.116238 0.257490 0.326625 
Data[180]: 0.163018 0.131669 0.322582 0.274583 0.108148 
Data[181]: 0.095382 0.464753 0.130868 0.157997 0.151001 
Data[182]: 0.124826 0.242026 0.129629 0.214739 0.288779 
Data[183]: 0.136034 0.142196 0.114076 0.351337 0.256357 
Data[184]: 0.084055 0.134271 0.588767 0.120822 0.072084 
Data[185]: 0.158079 0.131475 0.248557 0.349728 0.112161 
Data[186]: 0.802570 0.032141 0.041646 0.074162 0.049481 
Data[187]: 0.048124 0.717132 0.091103 0.083279 0.060362 
Data[188]: 0.196824 0.127104 0.294371 0.268101 0.113600 
Data[189]: 0.126551 0.132257 0.099900 0.242298 0.398993 
Data[190]: 0.122156 0.116046 0.511402 0.165749 0.084647 
Data[191]: 0.391969 0.095107 0.104976 0.207395 0.200552 
Data[192]: 0.166657 0.122678 0.104647 0.177075 0.428943 
Data[193]: 0.149301 0.108690 0.101619 0.423798 0.216592 
Data[194]: 0.114076 0.071851 0.076511 0.626372 0.111189 
Data[195]: 0.111036 0.388847 0.142213 0.173217 0.184687 
Data[196]: 0.116260 0.258638 0.348276 0.164003 0.112824 
Data[197]: 0.101384 0.093057 0.092359 0.598942 0.114258 
Data[198]: 0.156382 0.118058 0.099459 0.170888 0.455214 
Data[199]: 0.094660 0.398258 0.241291 0.161980 0.103810 
Data[200]: 0.596305 0.068570 0.090731 0.144020 0.100374 
Data[201]: 0.126571 0.226037 0.126319 0.204280 0.316792 
Data[202]: 0.084963 0.076361 0.059544 0.110735 0.668397 
Data[203]: 0.379435 0.090029 0.130671 0.282578 0.117287 
Data[204]: 0.140853 0.092831 0.081835 0.198368 0.486112 
Data[205]: 0.129647 0.110808 0.088687 0.154186 0.516672 
Data[206]: 0.100087 0.102911 0.076498 0.162854 0.557650 
Data[207]: 0.107774 0.093576 0.091220 0.580567 0.126863 
Data[208]: 0.145500 0.104397 0.088971 0.161462 0.499670 
Data[209]: 0.102222 0.288461 0.341257 0.164993 0.103067 
Data[210]: 0.128941 0.166440 0.110913 0.179615 0.414091 
Data[211]: 0.494905 0.088376 0.121276 0.174450 0.120993 
Data[212]: 0.117808 0.319152 0.137960 0.199842 0.225238 
Data[213]: 0.006432 0.008569 0.970240 0.009603 0.005156 
Data[214]: 0.207753 0.102890 0.099373 0.261383 0.328602 
Data[215]: 0.319358 0.110434 0.116240 0.207367 0.246601 
Data[216]: 0.137234 0.141849 0.354372 0.262737 0.103807 
Data[217]: 0.122608 0.278010 0.134920 0.207276 0.257187 
Data[218]: 0.243707 0.104058 0.102736 0.227281 0.322218 
Data[219]: 0.088603 0.092298 0.067786 0.134594 0.616719 
Data[220]: 0.157401 0.131839 0.107570 0.175634 0.427556 
Data[221]: 0.164586 0.122119 0.103821 0.175973 0.433501 
Data[222]: 0.235926 0.103560 0.101654 0.229598 0.329262 
Data[223]: 0.109735 0.109704 0.082010 0.144237 0.554313 
Data[224]: 0.018122 0.025267 0.914465 0.027362 0.014784 
Data[225]: 0.127219 0.201704 0.138524 0.327364 0.205189 
Data[226]: 0.308104 0.091404 0.104188 0.324609 0.171695 
Data[227]: 0.368850 0.091148 0.132780 0.289243 0.117979 
Data[228]: 0.116491 0.141604 0.096733 0.168887 0.476284 
Data[229]: 0.101473 0.449256 0.174293 0.148369 0.126609 
Data[230]: 0.537843 0.078977 0.099063 0.160039 0.124079 
Data[231]: 0.174163 0.143147 0.377868 0.191288 0.113533 
Data[232]: 0.122155 0.201830 0.284818 0.274567 0.116630 
Data[233]: 0.406808 0.102083 0.117560 0.192089 0.181459 
Data[234]: 0.074928 0.585208 0.122466 0.116899 0.100499 
Data[235]: 0.147784 0.170562 0.392010 0.174396 0.115248 
Data[236]: 0.201004 0.102432 0.097867 0.250883 0.347814 
Data[237]: 0.143617 0.138756 0.445638 0.170985 0.101005 
Data[238]: 0.142592 0.170174 0.403675 0.171118 0.112441 
Data[239]: 0.291081 0.097901 0.146483 0.344632 0.119902 
Data[240]: 0.096059 0.476469 0.138401 0.147952 0.141119 
Data[241]: 0.098778 0.192007 0.445011 0.172673 0.091532 
Data[242]: 0.512428 0.073364 0.101843 0.209846 0.102518 
Data[243]: 0.162253 0.082719 0.090970 0.526347 0.137711 
Data[244]: 0.173771 0.139312 0.382398 0.193176 0.111343 
Data[245]: 0.108361 0.269203 0.354487 0.161201 0.106747 
Data[246]: 0.097164 0.181790 0.462834 0.169252 0.088961 
Data[247]: 0.058211 0.079182 0.722756 0.092558 0.047293 
Data[248]: 0.208013 0.128982 0.310093 0.237602 0.115309 
Data[249]: 0.105821 0.274869 0.353112 0.161218 0.104980 
Data[250]: 0.117939 0.118136 0.142909 0.512317 0.108699 
Data[251]: 0.066621 0.100849 0.668417 0.107794 0.056320 
Data[252]: 0.242009 0.123684 0.256747 0.257692 0.119867 
Data[253]: 0.118677 0.339310 0.142130 0.185418 0.214466 
Data[254]: 0.126921 0.126338 0.095068 0.160019 0.491654 
Data[255]: 0.432323 0.092397 0.105042 0.192315 0.177923 
Data[256]: 0.194598 0.138313 0.344671 0.205532 0.116886 
Data[257]: 0.267539 0.126378 0.248451 0.232107 0.125525 
Data[258]: 0.339495 0.098196 0.151966 0.291214 0.119130 
Data[259]: 0.260798 0.094770 0.104111 0.352644 0.187677 
Data[260]: 0.091822 0.451943 0.208249 0.144160 0.103826 
Data[261]: 0.424464 0.104009 0.132195 0.187529 0.151803 
Data[262]: 0.213973 0.127355 0.293475 0.249004 0.116194 
Data[263]: 0.060869 0.048470 0.053314 0.778861 0.058486 
Data[264]: 0.234671 0.102285 0.102509 0.278021 0.282513 
Data[265]: 0.170457 0.096887 0.088791 0.201764 0.442100 
Data[266]: 0.153094 0.127917 0.392964 0.225137 0.100888 
Data[267]: 0.105531 0.384923 0.237055 0.156164 0.116327 
Data[268]: 0.137647 0.128028 0.099503 0.165367 0.469454 
Data[269]: 0.406750 0.083717 0.098574 0.258617 0.152342 
Data[270]: 0.321149 0.108288 0.113921 0.209134 0.247508 
Data[271]: 0.157126 0.120828 0.200241 0.410633 0.111173 
Data[272]: 0.351785 0.091633 0.132130 0.305186 0.119266 
Data[273]: 0.266604 0.110124 0.110051 0.211234 0.301987 
Data[274]: 0.115264 0.311803 0.147575 0.239730 0.185628 
Data[275]: 0.563856 0.071602 0.102488 0.165905 0.096149 
Data[276]: 0.298082 0.111347 0.114740 0.209161 0.266669 
Data[277]: 0.125503 0.144522 0.101713 0.168851 0.459411 
Data[278]: 0.106375 0.137411 0.531922 0.139501 0.084791 
Data[279]: 0.303356 0.093997 0.134979 0.347069 0.120599 
Data[280]: 0.126506 0.275734 0.137204 0.196248 0.264308 
Data[281]: 0.437134 0.097010 0.146720 0.198833 0.120303 
Data[282]: 0.095476 0.069647 0.058927 0.130581 0.645369 
Data[283]: 0.114829 0.245320 0.367868 0.162253 0.109730 
Data[284]: 0.101983 0.111698 0.080043 0.146277 0.559999 
Data[285]: 0.106008 0.433428 0.170063 0.153414 0.137087 
Data[286]: 0.402716 0.101419 0.115426 0.193774 0.186665 
Data[287]: 0.436724 0.083845 0.096003 0.218566 0.164863 
Data[288]: 0.050502 0.038395 0.042183 0.820736 0.048184 
Data[289]: 0.077749 0.549085 0.157351 0.123085 0.092730 
Data[290]: 0.174724 0.096012 0.098482 0.443829 0.186952 
Data[291]: 0.128021 0.171517 0.433892 0.161538 0.105033 
Data[292]: 0.105011 0.097506 0.075165 0.134537 0.587781 
Data[293]: 0.118588 0.116354 0.506256 0.174879 0.083923 
Data[294]: 0.125369 0.181833 0.113770 0.190310 0.388717 
Data[295]: 0.141774 0.142721 0.323426 0.284887 0.107192 
Data[296]: 0.185227 0.093063 0.098408 0.448112 0.175189 
Data[297]: 0.095608 0.478001 0.137291 0.147888 0.141213 
Data[298]: 0.110475 0.374507 0.138368 0.183486 0.193163 
Data[299]: 0.360942 0.094998 0.103388 0.228677 0.211996 
